### independent variable   dependent variable
0.2852592486988152 0.06739366154248189
0.546681025915148 0.16817161796734997
0.9134361956914029 0.5097123650166338
0.7147562010150249 0.2701057959114614
0.8822802358487971 0.4492807509454139
0.9678150894356313 0.486989462661812
0.9326371612070468 0.4780025898292802
0.9349091734132156 0.5105128658839276
0.403271395818083 0.12310849109306378
0.4009044257958814 0.11677619586318223
0.47311296792962687 0.1276051771816453
0.4234752379001692 0.12499109134849475
0.5124212166500794 0.11814775430017418
0.5217417594951242 0.11396789357711556
0.48493926350533223 0.11860680048566266
0.34615688384077026 0.09786949182939444
0.5046341436383875 0.15206937565692566
0.4795883792924037 0.12986278499845455
0.48169581785157595 0.13219137534664424
1.0080174492489726 0.47460962142955415
0.9112609604420675 0.4957133955825598
