0.429590 0.106384 0.224300 7.199000 0.019809
0.430778 0.214041 0.447200 15.441000 0.020171
0.120261 0.593710 0.806200 10.275000 0.020338
0.429590 0.427446 0.596900 21.146000 0.020265
0.295781 0.445282 0.765500 31.727000 0.020327
0.142103 0.284751 0.791600 18.434000 0.020334
0.237374 0.534466 0.785600 27.847000 0.020333
0.118806 0.296855 0.806700 15.356000 0.020338
0.427807 0.106384 0.359700 14.951000 0.020081
0.534759 0.133011 0.346000 17.959000 0.020063
0.320856 0.079820 0.369200 12.322000 0.020093
0.641711 0.159575 0.363700 23.229000 0.020086
0.698455 0.173909 0.349000 26.320000 0.020067
0.534759 0.133139 0.339800 19.879000 0.020055
0.427807 0.106384 0.350000 15.851000 0.020069
0.342246 0.085362 0.302700 9.158000 0.019996
0.347059 0.085362 0.417800 15.394000 0.020145
0.341830 0.085362 0.373900 13.322000 0.020099
0.342008 0.085362 0.378700 13.508000 0.020104
0.237195 0.474586 0.783300 30.969000 0.020332
0.237255 0.573962 0.797300 27.754000 0.020336