0.00015378990632780175 0  0  0  0  0  0  0  0  0  0  0  0  0  0  0  0  0  0  0  0 
 0 0.0009482298967614292 0  0  0  0  0  0  0  0  0  0  0  0  0  0  0  0  0  0  0 
 0  0 0.00017477653930880052 0  0  0  0  0  0  0  0  0  0  0  0  0  0  0  0  0  0 
 0  0  0 0.000841160780749169 0  0  0  0  0  0  0  0  0  0  0  0  0  0  0  0  0 
 0  0  0  0 0.006688385526955293 0  0  0  0  0  0  0  0  0  0  0  0  0  0  0  0 
 0  0  0  0  0 0.007126453074652364 0  0  0  0  0  0  0  0  0  0  0  0  0  0  0 
 0  0  0  0  0  0 0.002854723237469765 0  0  0  0  0  0  0  0  0  0  0  0  0  0 
 0  0  0  0  0  0  0 0.00304314076769927 0  0  0  0  0  0  0  0  0  0  0  0  0 
 0  0  0  0  0  0  0  0 0.0022955226464560973 0  0  0  0  0  0  0  0  0  0  0  0 
 0  0  0  0  0  0  0  0  0 0.0017084617643180963 0  0  0  0  0  0  0  0  0  0  0 
 0  0  0  0  0  0  0  0  0  0 0.007008093938783457 0  0  0  0  0  0  0  0  0  0 
 0  0  0  0  0  0  0  0  0  0  0 0.00262654477998449 0  0  0  0  0  0  0  0  0 
 0  0  0  0  0  0  0  0  0  0  0  0 0.005252014930993228 0  0  0  0  0  0  0  0 
 0  0  0  0  0  0  0  0  0  0  0  0  0 0.005748596044823801 0  0  0  0  0  0  0 
 0  0  0  0  0  0  0  0  0  0  0  0  0  0 0.005192381804991905 0  0  0  0  0  0 
 0  0  0  0  0  0  0  0  0  0  0  0  0  0  0 0.0007413685871083494 0  0  0  0  0 
 0  0  0  0  0  0  0  0  0  0  0  0  0  0  0  0 0.021634937761977387 0  0  0  0 
 0  0  0  0  0  0  0  0  0  0  0  0  0  0  0  0  0 0.007393035367499677 0  0  0 
 0  0  0  0  0  0  0  0  0  0  0  0  0  0  0  0  0  0 0.008049303288449926 0  0 
 0  0  0  0  0  0  0  0  0  0  0  0  0  0  0  0  0  0  0 0.007991175441947173 0 
 0  0  0  0  0  0  0  0  0  0  0  0  0  0  0  0  0  0  0  0 0.002114974191596256
