-5.232733474956193e-05 0  0  0  0  0  0  0  0  0  0  0  0  0  0  0  0  0  0  0  0 
 0 -0.0002998114146154193 0  0  0  0  0  0  0  0  0  0  0  0  0  0  0  0  0  0  0 
 0  0 -0.0003981455133400272 0  0  0  0  0  0  0  0  0  0  0  0  0  0  0  0  0  0 
 0  0  0 -0.0004524541953081862 0  0  0  0  0  0  0  0  0  0  0  0  0  0  0  0  0 
 0  0  0  0 -0.002263708113999038 0  0  0  0  0  0  0  0  0  0  0  0  0  0  0  0 
 0  0  0  0  0 -0.0025115933416219325 0  0  0  0  0  0  0  0  0  0  0  0  0  0  0 
 0  0  0  0  0  0 -0.001585634685030484 0  0  0  0  0  0  0  0  0  0  0  0  0  0 
 0  0  0  0  0  0  0 -0.0017304026367646775 0  0  0  0  0  0  0  0  0  0  0  0  0 
 0  0  0  0  0  0  0  0 -0.00038382809635336285 0  0  0  0  0  0  0  0  0  0  0  0 
 0  0  0  0  0  0  0  0  0 -0.0003339429631684005 0  0  0  0  0  0  0  0  0  0  0 
 0  0  0  0  0  0  0  0  0  0 -0.0006174061661253749 0  0  0  0  0  0  0  0  0  0 
 0  0  0  0  0  0  0  0  0  0  0 -0.0004501501018652367 0  0  0  0  0  0  0  0  0 
 0  0  0  0  0  0  0  0  0  0  0  0 -0.0006116748074538133 0  0  0  0  0  0  0  0 
 0  0  0  0  0  0  0  0  0  0  0  0  0 -0.0005883941945529048 0  0  0  0  0  0  0 
 0  0  0  0  0  0  0  0  0  0  0  0  0  0 -0.0005464510921272425 0  0  0  0  0  0 
 0  0  0  0  0  0  0  0  0  0  0  0  0  0  0 -0.00015877308155339408 0  0  0  0  0 
 0  0  0  0  0  0  0  0  0  0  0  0  0  0  0  0 -0.0013343401841503257 0  0  0  0 
 0  0  0  0  0  0  0  0  0  0  0  0  0  0  0  0  0 -0.0006606939301567541 0  0  0 
 0  0  0  0  0  0  0  0  0  0  0  0  0  0  0  0  0  0 -0.0007022643327455683 0  0 
 0  0  0  0  0  0  0  0  0  0  0  0  0  0  0  0  0  0  0 -0.0026306635915204412 0 
 0  0  0  0  0  0  0  0  0  0  0  0  0  0  0  0  0  0  0  0 -0.0014287666725603394
