5.120516908832331e-05 0  0  0  0  0  0  0  0  0  0  0  0  0  0  0  0  0  0  0  0 
 0 0.0001302830971260885 0  0  0  0  0  0  0  0  0  0  0  0  0  0  0  0  0  0  0 
 0  0 0.001058219042477292 0  0  0  0  0  0  0  0  0  0  0  0  0  0  0  0  0  0 
 0  0  0 0.0002757097337386859 0  0  0  0  0  0  0  0  0  0  0  0  0  0  0  0  0 
 0  0  0  0 0.0007849945238456312 0  0  0  0  0  0  0  0  0  0  0  0  0  0  0  0 
 0  0  0  0  0 0.0009482663463487538 0  0  0  0  0  0  0  0  0  0  0  0  0  0  0 
 0  0  0  0  0  0 0.0009072930948286086 0  0  0  0  0  0  0  0  0  0  0  0  0  0 
 0  0  0  0  0  0  0 0.0010622447894969912 0  0  0  0  0  0  0  0  0  0  0  0  0 
 0  0  0  0  0  0  0  0 8.859119076563168e-05 0  0  0  0  0  0  0  0  0  0  0  0 
 0  0  0  0  0  0  0  0  0 8.362463394884729e-05 0  0  0  0  0  0  0  0  0  0  0 
 0  0  0  0  0  0  0  0  0  0 9.224557949203194e-05 0  0  0  0  0  0  0  0  0  0 
 0  0  0  0  0  0  0  0  0  0  0 9.010720893792687e-05 0  0  0  0  0  0  0  0  0 
 0  0  0  0  0  0  0  0  0  0  0  0 8.468269347834556e-05 0  0  0  0  0  0  0  0 
 0  0  0  0  0  0  0  0  0  0  0  0  0 8.149134863554208e-05 0  0  0  0  0  0  0 
 0  0  0  0  0  0  0  0  0  0  0  0  0  0 8.504469654724835e-05 0  0  0  0  0  0 
 0  0  0  0  0  0  0  0  0  0  0  0  0  0  0 6.996091655064764e-05 0  0  0  0  0 
 0  0  0  0  0  0  0  0  0  0  0  0  0  0  0  0 0.00011404006003764472 0  0  0  0 
 0  0  0  0  0  0  0  0  0  0  0  0  0  0  0  0  0 9.412293782017607e-05 0  0  0 
 0  0  0  0  0  0  0  0  0  0  0  0  0  0  0  0  0  0 9.6078408366026e-05 0  0 
 0  0  0  0  0  0  0  0  0  0  0  0  0  0  0  0  0  0  0 0.0008921203235578702 0 
 0  0  0  0  0  0  0  0  0  0  0  0  0  0  0  0  0  0  0  0 0.000989455380874558
